<?xml version="1.0"?>
<opencv_storage>
<Distortion_192_168_9_1 type_id="opencv-matrix">
  <rows>4</rows>
  <cols>1</cols>
  <dt>f</dt>
  <data>
    -3.50855589e-01 1.35105669e-01 -9.20198567e-04 1.59565418e-03</data></Distortion_192_168_9_1>
</opencv_storage>
