<?xml version="1.0"?>
<opencv_storage>
<Distortion_192_168_9_7 type_id="opencv-matrix">
  <rows>4</rows>
  <cols>1</cols>
  <dt>f</dt>
  <data>
    -3.71206164e-01 1.53932005e-01 -1.17609883e-03 1.22829597e-03</data></Distortion_192_168_9_7>
</opencv_storage>
