<?xml version="1.0"?>
<opencv_storage>
<Distortion_192_168_9_6 type_id="opencv-matrix">
  <rows>4</rows>
  <cols>1</cols>
  <dt>f</dt>
  <data>
    -3.57790023e-01 1.30679905e-01 2.02373113e-03 -9.00203246e-04</data></Distortion_192_168_9_6>
</opencv_storage>
