<?xml version="1.0"?>
<opencv_storage>
<Distortion_192_168_9_4 type_id="opencv-matrix">
  <rows>4</rows>
  <cols>1</cols>
  <dt>f</dt>
  <data>
    -3.45655620e-01 1.10246591e-01 -2.45105266e-03 -4.26853570e-04</data></Distortion_192_168_9_4>
</opencv_storage>
