<?xml version="1.0"?>
<opencv_storage>
<Intrinsics_192_168_9_7 type_id="opencv-matrix">
  <rows>3</rows>
  <cols>3</cols>
  <dt>f</dt>
  <data>
    1.53340698e+03 0. 9.55184814e+02 0. 1.53104553e+03 6.91418518e+02 0.
    0. 1.</data></Intrinsics_192_168_9_7>
</opencv_storage>
