<?xml version="1.0"?>
<opencv_storage>
<Intrinsics_192_168_9_2 type_id="opencv-matrix">
  <rows>3</rows>
  <cols>3</cols>
  <dt>f</dt>
  <data>
    1.52785022e+03 0. 9.81132935e+02 0. 1.52619043e+03 6.11786072e+02 0.
    0. 1.</data></Intrinsics_192_168_9_2>
</opencv_storage>
