<?xml version="1.0"?>
<opencv_storage>
<Intrinsics_192_168_9_1 type_id="opencv-matrix">
  <rows>3</rows>
  <cols>3</cols>
  <dt>f</dt>
  <data>
    1.51817542e+03 0. 9.96239258e+02 0. 1.51890430e+03 4.95377289e+02 0.
    0. 1.</data></Intrinsics_192_168_9_1>
</opencv_storage>
