<?xml version="1.0"?>
<opencv_storage>
<Intrinsics_192_168_9_6 type_id="opencv-matrix">
  <rows>3</rows>
  <cols>3</cols>
  <dt>f</dt>
  <data>
    1.52727649e+03 0. 1.02862744e+03 0. 1.52482520e+03 5.32035583e+02 0.
    0. 1.</data></Intrinsics_192_168_9_6>
</opencv_storage>
