<?xml version="1.0"?>
<opencv_storage>
<Intrinsics_192_168_9_5 type_id="opencv-matrix">
  <rows>3</rows>
  <cols>3</cols>
  <dt>f</dt>
  <data>
    1.51158948e+03 0. 1.08071533e+03 0. 1.51043823e+03 6.32118347e+02 0.
    0. 1.</data></Intrinsics_192_168_9_5>
</opencv_storage>
