<?xml version="1.0"?>
<opencv_storage>
<Intrinsics_192_168_9_3 type_id="opencv-matrix">
  <rows>3</rows>
  <cols>3</cols>
  <dt>f</dt>
  <data>
    1.54510645e+03 0. 1.10233044e+03 0. 1.54874036e+03 6.17808777e+02 0.
    0. 1.</data></Intrinsics_192_168_9_3>
</opencv_storage>
